world = {}
world[1] =  {3, 2, 2, 2, 2, 2, 1, 2, 2, 2, 1, 1, 2, 2, 2, 1, 2, 1, 1, 1, 2, 1, 1, 1, 1, 1, 2, 2, 2, 1}
world[2] =  {2, 1, 2, 1, 1, 2, 1, 2, 1, 2, 1, 1, 2, 1, 1, 1, 2, 2, 2, 2, 2, 2, 2, 2, 1, 1, 2, 1, 2, 1}
world[3] =  {2, 1, 2, 2, 1, 2, 2, 2, 1, 1, 1, 1, 2, 1, 1, 1, 1, 1, 2, 1, 2, 1, 1, 1, 1, 2, 2, 1, 1, 1}
world[4] =  {2, 1, 1, 2, 1, 2, 1, 2, 2, 2, 2, 1, 2, 1, 2, 2, 2, 1, 2, 1, 1, 1, 2, 2, 1, 1, 2, 2, 2, 2}
world[5] =  {2, 2, 2, 2, 1, 2, 2, 2, 1, 1, 2, 1, 2, 1, 2, 1, 2, 1, 2, 1, 2, 2, 2, 1, 1, 2, 2, 1, 1, 2}
world[6] =  {1, 1, 2, 2, 1, 1, 1, 2, 2, 1, 2, 2, 2, 2, 2, 1, 2, 2, 2, 1, 2, 1, 2, 1, 1, 1, 2, 2, 1, 2}
world[7] =  {1, 1, 1, 2, 2, 1, 1, 1, 2, 1, 1, 1, 1, 2, 1, 1, 1, 1, 2, 2, 2, 1, 1, 1, 2, 1, 1, 2, 1, 1}
world[8] =  {2, 2, 1, 1, 2, 1, 2, 2, 2, 2, 2, 1, 2, 2, 2, 2, 1, 1, 2, 1, 2, 2, 2, 2, 2, 2, 2, 2, 2, 2}
world[9] =  {1, 2, 1, 2, 2, 2, 2, 1, 1, 1, 2, 2, 2, 1, 1, 2, 1, 2, 2, 2, 2, 1, 1, 2, 1, 2, 1, 1, 1, 2}
world[10] = {1, 2, 2, 2, 1, 1, 2, 2, 2, 1, 1, 1, 2, 1, 1, 2, 1, 2, 1, 2, 1, 1, 1, 1, 1, 2, 2, 2, 1, 1}
world[11] = {1, 1, 2, 1, 1, 1, 2, 1, 2, 2, 1, 2, 2, 1, 2, 2, 1, 2, 1, 2, 1, 1, 1, 2, 2, 2, 1, 2, 2, 1}
world[12] = {2, 2, 2, 2, 1, 1, 2, 1, 1, 2, 1, 1, 1, 1, 1, 2, 1, 2, 1, 2, 2, 1, 2, 2, 1, 2, 1, 1, 2, 1}
world[13] = {2, 1, 1, 2, 1, 2, 2, 2, 2, 2, 2, 2, 2, 2, 1, 1, 1, 2, 1, 1, 2, 1, 1, 1, 1, 2, 2, 2, 2, 2}
world[14] = {2, 2, 2, 2, 1, 2, 1, 2, 1, 2, 1, 1, 1, 2, 2, 2, 2, 2, 2, 1, 2, 1, 1, 1, 1, 1, 2, 1, 2, 1}
world[15] = {1, 1, 1, 2, 2, 2, 1, 2, 1, 1, 1, 2, 1, 1, 2, 1, 1, 1, 2, 1, 1, 1, 2, 2, 2, 1, 2, 1, 1, 1}
world[16] = {2, 2, 1, 2, 1, 2, 2, 2, 1, 2, 2, 2, 1, 1, 2, 2, 1, 1, 2, 2, 2, 2, 2, 1, 2, 1, 2, 2, 2, 1}
world[17] = {1, 2, 2, 2, 1, 1, 1, 2, 1, 2, 1, 2, 1, 1, 1, 2, 2, 2, 2, 1, 1, 1, 2, 1, 2, 1, 1, 1, 2, 2}
world[18] = {1, 2, 1, 2, 1, 2, 2, 2, 2, 2, 1, 1, 1, 1, 2, 2, 1, 1, 2, 2, 2, 1, 2, 1, 2, 2, 2, 1, 1, 2}
world[19] = {2, 2, 1, 2, 1, 2, 1, 2, 1, 2, 2, 2, 2, 2, 2, 1, 1, 1, 2, 1, 1, 1, 2, 1, 2, 1, 2, 2, 2, 2}
world[20] = {1, 2, 2, 2, 1, 2, 1, 2, 2, 2, 1, 1, 2, 1, 2, 1, 2, 2, 2, 2, 2, 2, 2, 1, 2, 1, 1, 1, 2, 4}