


Default level:

	#filename: 1.level
	/////////////////////////////////////////////////////////////////////////
	ml000000000000000000000000000000000000000000000000
	00000000000000000000000000000000000000000000000000
	00000000000000000000000000000000000000000000000000
	00000000000000000000000000000000000000000000000000
	00000000000000000000000000000000000000000000000000
	00000000000000000000000000000000000000000000000000
	00000000000000000000000000000000000000000000000000
	00000000000000000000000000000000000000000000000000
	00000000000000000000000000000000000000000000000000
	00000000000000000000000000000000000000000000000000
	00000000000000000000000000000000000000000000000000
	00000000000000000000000000000000000000000000000000
	00000000000000000000000000000000000000000000000000
	00000000000000000000000000000000000000000000000000
	00000000000000000000000000000000000000000000000000
	00000000000000000000000000000000000000000000000000
	00000000000000000000000000000000000000000000000000
	00000000000000000000000000000000000000000000000000
	00000000000000000000000000000000000000000000000000
	00000000000000000000000000000000000000000000000000
	00000000000000000000000000000000000000000000000000
	00000000000000000000000000000000000000000000000000
	00000000000000000000000000000000000000000000000000
	00000000000000000000000000000000000000000000000000
	00000000000000000000000000000000000000000000000000
	00000000000000000000000000000000000000000000000000
	00000000000000000000000000000000000000000000000000
	00000000000000000000000000000000000000000000000000
	00000000000000000000000000000000000000000000000000
	00000000000000000000000000000000000000000000000000
	00000000000000000000000000000000000000000000000000
	00000000000000000000000000000000000000000000000000
	00000000000000000000000000000000000000000000000000
	00000000000000000000000000000000000000000000000000
	00000000000000000000000000000000000000000000000000
	00000000000000000000000000000000000000000000000000
	00000000000000000000000000000000000000000000000000
	00000000000000000000000000000000000000000000000000
	00000000000000000000000000000000000000000000000000
	00000000000000000000000000000000000000000000000000
	00000000000000000000000000000000000000000000000000
	00000000000000000000000000000000000000000000000000
	00000000000000000000000000000000000000000000000000
	00000000000000000000000000000000000000000000000000
	00000000000000000000000000000000000000000000000000
	00000000000000000000000000000000000000000000000000
	00000000000000000000000000000000000000000000000000
	00000000000000000000000000000000000000000000000000
	00000000000000000000000000000000000000000000000000
	00000000000000000000000000000000000000000000000000
	start=0,0
	end=0,1
	/////////////////////////////////////////////////////////////////////////